BEGIN IONS
ID=10497
SCANS=11675
ACTIVATION=HCD
PRECURSOR_MZ=679.5295379960937
PRECURSOR_CHARGE=6
PRECURSOR_MASS=4071.1335719765625
135.06901662890624	1764503.858290445	1
488.2714712421875	947834.6871613462	1
698.4081279570312	710077.9055821247	1
158.0849010283203	998949.2056791	1
234.13734548632814	915125.4652401739	1
100.06467550341797	837193.3698777625	1
182.14256399218752	462586.0384415481	1
269.1015483671875	490533.1029805275	1
1102.5109721953124	279888.3469094266	1
601.3561270039062	273788.98848555435	1
212.08026335644533	380758.50844800303	1
375.18562429492187	427632.692050937	1
448.2115032011719	296795.58439103246	1
303.15858672070317	292967.3336578481	1
406.25868437695317	268159.26137321873	1
562.3543559843749	331684.2819633222	1
661.4186870390624	324198.1092731756	1
827.4510366718749	203345.26900214376	1
336.18031523632817	176634.60701819713	1
809.4409038359374	124213.36982545709	1
354.1899272734375	135401.75226025825	1
760.4857036406249	136838.73776485183	1
1230.6022079374998	63185.80423909587	2
1230.6081411640623	81061.72850983382	1
1152.6735698515624	87540.6103471536	1
1690.8891952421875	45651.139462773164	2
1672.8639266875	43913.00088567799	2
1736.8762547890624	47521.344442711976	2
END IONS